10.7599999904633,-1061,-966,-17394,-22,17,-12,-8,-878,16450,10,23,-40,-498,73,-16328,-34,44,-58,43,-1125,-17498,-153,-94,60,-750,-958,-16475,-76,48,491,12,0,0,0,0
10.7799999713898,-1059,-1094,-17443,-29,-40,-97,12,-994,16468,26,77,-154,-754,-88,-16422,-100,-14,-231,29,-1009,-17697,-138,-88,-1,-881,-939,-16434,-60,193,859,16,0,0,0,0
10.789999961853,-1012,-1013,-17424,-54,-62,-166,-16,-964,16327,-45,188,-296,-524,5,-16408,-81,-48,-393,118,-874,-17427,-317,-161,221,-918,-913,-16512,-158,114,1063,17,0,0,0,0
10.7999999523163,-1048,-1037,-17450,-64,-93,-246,-22,-897,16374,-65,223,-368,-462,17,-16390,-97,-42,-503,96,-1027,-17736,-732,253,-40,-905,-907,-16400,-117,235,1594,10,0,0,0,0
10.8200001716614,-1063,-1043,-17480,-66,-143,-347,-38,-861,16368,-198,252,-434,-569,119,-16527,-164,37,-622,229,-528,-17570,-796,-4,466,-513,-891,-16676,26,29,1925,11,0,0,0,0
10.8300001621246,-691,-820,-17333,-59,-149,-363,-23,-930,16338,-57,127,-674,-380,0,-16217,3,80,-741,-311,-1217,-17338,-679,-36,330,100,-491,-18148,-134,70,2156,12,0,0,0,0
10.8400001525879,-987,-1071,-17454,-84,-228,-389,-47,-858,16149,-142,313,-642,-221,210,-16570,-53,17,-676,-171,-1351,-17180,-1236,-98,587,-1264,-1844,-15862,-336,193,2181,16,0,0,0,0
10.8600001335144,-1069,-861,-17496,36,-99,-229,88,-800,16268,-90,137,-518,-385,105,-16503,-28,82,-533,-247,-955,-17443,-635,-329,582,-508,-1158,-16737,-27,16,1801,15,0,0,0,0
10.8700001239777,-1187,-923,-17234,-1250,-33,-410,215,-979,16981,116,-7,-721,-477,88,-16309,76,-33,-497,47,-1169,-16940,-1010,-165,565,-931,-1876,-16132,-160,-329,1589,16,0,0,0,0
10.8800001144409,-1055,-1033,-17316,-300,-159,-191,72,-808,16305,11,41,-355,-350,156,-16398,-10,53,-380,162,-1159,-17415,-379,-72,125,-995,-1473,-16194,69,438,1089,13,0,0,0,0
10.9000000953674,-1137,-975,-17350,-428,-129,-207,72,-792,16415,2,-2,-280,-342,207,-16486,-44,90,-250,-141,-957,-17132,-601,-272,419,-825,-1570,-16358,41,251,981,12,0,0,0,0
10.9100000858307,-1153,-916,-17376,-129,-60,-61,43,-686,16388,-29,51,-219,-422,257,-16510,-75,30,-184,-104,-1046,-17495,-14,51,-60,-905,-1572,-16184,71,-137,791,16,0,0,0,0
10.9300000667572,-1117,-1018,-17436,-53,26,-11,-22,-823,16356,-52,16,-160,-402,85,-16447,-49,61,-134,-82,-1208,-17427,-136,15,181,-866,-1474,-16365,33,96,498,14,0,0,0,0
10.9400000572205,-1035,-966,-17567,-170,40,-91,-26,-774,16381,-3,30,-159,-392,229,-16416,-25,68,-140,-128,-1059,-17400,62,23,48,-807,-1593,-16279,-109,24,380,13,0,0,0,0
10.9500000476837,-1105,-967,-17365,-57,-2,-30,-7,-791,16381,-4,66,-92,-433,174,-16464,-12,73,-101,-135,-996,-17418,139,63,9,-898,-1514,-16248,-54,-30,132,10,0,0,0,0
10.960000038147,-1148,-972,-17454,-21,13,7,29,-711,16404,7,33,-36,-373,198,-16434,-2,74,-9,-84,-1061,-17381,90,20,14,-913,-1550,-16338,-88,-111,86,12,0,0,0,0
10.9700000286102,-1091,-1011,-17438,-24,47,48,11,-829,16411,12,21,10,-338,118,-16387,-6,53,18,-104,-1156,-17604,150,12,-65,-971,-1587,-16221,-50,6,3,15,0,0,0,0
10.9900000095367,-1186,-962,-17476,-11,42,37,-21,-760,16349,15,8,10,-409,182,-16432,-13,65,17,43,-1070,-17510,3,-86,148,-873,-1552,-16289,6,13,23,13,0,0,0,0
11,-1110,-1022,-17422,8,44,34,-9,-830,16475,17,12,-10,-486,156,-16427,-19,69,-37,12,-1018,-17475,-10,-25,120,-882,-1577,-16321,66,-5,56,11,0,0,0,0
11.0099999904633,-1133,-1026,-17490,11,25,15,7,-832,16457,9,27,-32,-465,198,-16374,-5,33,-98,-32,-1010,-17537,-114,-24,152,-835,-1495,-16379,126,-8,59,14,0,0,0,0
11.0199999809265,-1157,-969,-17419,31,20,-8,-4,-728,16393,-15,29,-73,-439,196,-16399,2,84,-107,-18,-1040,-17458,-132,31,143,-775,-1380,-16411,104,32,47,15,0,0,0,0
11.039999961853,-1109,-951,-17409,9,2,-4,3,-808,16374,-15,44,-84,-441,139,-16393,18,101,-160,35,-1051,-17575,-67,2,97,-791,-1465,-16462,71,8,51,13,0,0,0,0
11.0499999523163,-1157,-941,-17403,4,-2,-17,-6,-782,16403,-33,45,-102,-458,210,-16423,-7,93,-151,-124,-1074,-17403,-37,9,52,-955,-1601,-16246,-15,10,26,10,0,0,0,0
11.0600001811981,-1081,-925,-17491,-3,27,-15,40,-764,16292,-27,39,-89,-313,201,-16409,-6,98,-157,-88,-1121,-17528,61,6,-19,-1033,-1564,-16294,-28,10,32,14,0,0,0,0
11.0800001621246,-1031,-1052,-17457,-3,6,-4,32,-831,16434,-26,11,-75,-394,209,-16438,-20,67,-113,20,-1163,-17512,-5,39,79,-1056,-1668,-15997,8,55,39,17,0,0,0,0
11.0900001525879,-1158,-875,-17518,10,11,2,37,-697,16387,-22,-5,-68,-425,308,-16492,-8,97,-135,0,-885,-17424,160,17,-11,-912,-1511,-16335,56,-55,54,12,0,0,0,0
11.1000001430511,-1110,-1074,-17389,19,27,-3,-8,-816,16408,-29,47,-86,-363,169,-16392,1,100,-119,-56,-1113,-17668,97,112,19,-856,-1477,-16333,64,3,30,10,0,0,0,0
11.1100001335144,-1074,-883,-17454,-11,38,-1,51,-790,16351,-8,46,-72,-362,226,-16480,-8,57,-83,77,-1039,-17490,57,1,73,-861,-1553,-16554,42,42,57,13,0,0,0,0
11.1300001144409,-1034,-1089,-17442,-4,44,16,39,-822,16388,-6,7,-53,-428,193,-16364,-19,53,-49,-161,-1242,-17675,85,15,44,-812,-1435,-16361,169,152,87,15,0,0,0,0
11.1400001049042,-1136,-871,-17606,4,31,67,-45,-688,16364,7,-45,-83,-600,275,-16394,13,75,-145,251,-762,-17363,-28,-45,265,-715,-1357,-16256,211,-244,136,10,0,0,0,0
11.1500000953674,-1069,-878,-17484,-524,82,-20,-226,-759,16117,-547,418,110,-404,47,-16397,-371,328,-241,-241,-1149,-17635,178,-30,109,-838,-1490,-16349,13,-66,139,12,0,0,0,0
11.1600000858307,-1071,-934,-17333,-93,17,50,1,-754,16361,-77,104,-99,-266,277,-16298,12,93,-107,246,-842,-17627,-166,86,200,-1259,-1891,-15934,-15,73,74,11,0,0,0,0
11.1800000667572,-1079,-1058,-17396,-6,-9,-8,102,-861,16400,-40,-13,-31,-467,177,-16404,-35,66,-26,-77,-1011,-17308,34,-104,296,-801,-1646,-16201,200,20,23,15,0,0,0,0
11.1900000572205,-1163,-883,-17468,-26,-8,13,21,-665,16421,-8,23,-64,-369,193,-16475,38,129,-130,136,-598,-17276,-27,26,172,-585,-1287,-16526,196,-292,42,13,0,0,0,0
11.2000000476837,-1033,-1048,-17283,2,30,25,-34,-815,16610,-9,57,-97,-568,116,-16235,46,97,-232,-140,-1539,-17724,-53,30,-104,-915,-1498,-16256,33,137,-3,11,0,0,0,0
11.2200000286102,-1058,-876,-17469,17,15,-29,8,-735,16444,-21,68,-107,-367,254,-16355,-10,87,-130,179,-944,-17381,44,-202,125,-1187,-1889,-16017,-51,158,38,11,0,0,0,0
11.2300000190735,-1048,-1126,-17400,4,-9,-21,49,-858,16440,-28,-6,-67,-485,199,-16406,-5,64,-31,-89,-1039,-17497,0,116,164,-781,-1376,-16450,278,42,42,14,0,0,0,0
11.2400000095367,-1106,-905,-17370,-28,19,46,-19,-679,16371,1,-6,-47,-673,287,-16357,2,73,-108,100,-968,-17246,5,118,115,-942,-1551,-16249,206,-283,25,17,0,0,0,0
11.25,-1066,-911,-17453,23,59,70,99,-771,16537,-100,73,-79,-382,307,-16411,-63,155,-176,-68,-962,-17712,188,47,8,-908,-1547,-16402,35,22,40,10,0,0,0,0
11.2699999809265,-1102,-968,-17336,-361,55,-72,44,-765,16447,-51,79,-131,-178,177,-16331,10,111,-149,-144,-1162,-17373,-34,17,49,-782,-1141,-16739,-23,127,40,12,0,0,0,0
11.2799999713898,-1130,-1124,-17361,-149,-25,-23,-20,-799,16355,-21,25,-59,-387,261,-16354,-7,40,25,-37,-984,-17482,23,-159,298,-897,-1354,-16556,177,-90,123,16,0,0,0,0
11.289999961853,-1221,-928,-17442,-8,7,12,-18,-626,16349,0,-4,-25,-410,334,-16392,0,47,-55,76,-889,-17118,-128,-66,259,-604,-1538,-16418,229,-173,-5,16,0,0,0,0
11.2999999523163,-1092,-914,-17488,8,37,57,153,-754,16674,-42,40,-21,-505,263,-16408,-246,228,-171,-23,-812,-17878,275,40,136,-670,-1495,-16514,163,-89,6,12,0,0,0,0
11.3200001716614,-1156,-989,-17130,-288,-1,20,34,-719,16618,-69,57,-105,-327,300,-16353,10,129,-157,-92,-1151,-17350,123,20,-24,-749,-1636,-16599,-21,147,-71,12,0,0,0,0
11.3300001621246,-1065,-950,-17335,-27,-2,-15,52,-913,16447,-15,1,-13,-401,234,-16351,-34,29,27,-362,-1428,-17646,28,-23,-82,-1082,-1758,-16125,95,177,-1,15,0,0,0,0
11.3400001525879,-1038,-926,-17437,-6,10,26,46,-722,16453,19,-33,6,-488,352,-16424,-17,44,70,-56,-855,-17211,89,-64,171,-882,-1692,-16275,189,-54,45,16,0,0,0,0
11.3600001335144,-1111,-947,-17386,-28,15,38,-37,-755,16407,-5,-2,-16,-570,210,-16319,-4,56,-47,-85,-1010,-17644,215,114,-48,-838,-1345,-16387,226,-14,57,14,0,0,0,0
11.3700001239777,-1090,-1017,-17451,-16,20,3,-8,-786,16628,-13,35,-84,-405,306,-16337,-11,14,-164,-159,-1329,-17240,14,-17,-19,-1033,-1484,-16373,-59,107,38,11,0,0,0,0
11.3800001144409,-1032,-1035,-17374,2,14,-9,2,-870,16448,-23,14,-50,-276,151,-16286,-28,48,-32,-226,-1351,-17511,134,-12,-100,-508,-1181,-16943,-52,113,-15,13,0,0,0,0
11.3900001049042,-1138,-1004,-17361,-28,-29,-6,11,-704,16278,-10,-3,-23,-619,412,-16488,-4,24,83,506,-425,-17336,-192,-27,512,-811,-1701,-16021,153,-152,34,15,0,0,0,0
11.4000000953674,-1070,-922,-17479,-14,7,16,35,-780,16363,3,-5,-30,-518,262,-16326,-4,42,-43,54,-830,-17557,109,63,16,-789,-1596,-16556,-14,-47,-79,14,0,0,0,0
11.4200000762939,-1095,-1036,-17350,-16,20,27,35,-780,16363,-10,21,-48,-449,365,-16394,-7,-6,-100,100,-1081,-17526,-73,42,127,-711,-1535,-16244,-34,-60,-21,11,0,0,0,0
11.4300000667572,-1026,-959,-17395,0,25,4,20,-814,16370,-29,29,-30,-336,161,-16429,-32,69,-48,248,-905,-17698,76,-17,-23,-797,-1635,-16462,-115,39,-84,12,0,0,0,0
11.4500000476837,-992,-1059,-17365,-14,27,12,-2,-760,16522,-18,-46,26,-463,330,-16254,-43,18,100,-369,-1358,-17187,-136,-9,123,-885,-1818,-16193,-40,-55,-51,16,0,0,0,0
11.460000038147,-1047,-884,-17462,-32,39,50,64,-645,16398,3,-39,38,-442,317,-16455,-17,4,62,-276,-1061,-17536,243,75,-250,-968,-1585,-16216,-73,-195,-141,14,0,0,0,0
11.4700000286102,-1130,-1044,-17491,16,34,16,15,-787,16492,-26,-16,-21,-362,259,-16196,0,1,-52,17,-1169,-17628,-79,79,-23,-972,-1613,-16292,-13,-29,-95,11,0,0,0,0
11.4800000190735,-1116,-925,-17421,3,-2,-18,-4,-711,16416,-17,-16,-14,-389,311,-16509,-28,25,-25,84,-936,-17459,94,68,-99,-799,-1453,-16205,-123,-150,-98,11,0,0,0,0
11.4900000095367,-1038,-962,-17438,-7,18,21,37,-845,16408,-5,11,25,-370,264,-16297,-21,48,40,-172,-1166,-17519,121,-47,-49,-928,-1620,-16329,-51,-94,-96,13,0,0,0,0
11.5099999904633,-1063,-971,-17263,1,30,45,-38,-734,16488,13,-25,25,-394,320,-16236,0,27,100,13,-988,-17508,19,115,-46,-890,-1446,-16288,-82,-179,-32,13,0,0,0,0
11.5199999809265,-1083,-968,-17463,12,26,30,26,-760,16450,1,-24,23,-387,270,-16349,-13,14,64,-20,-1196,-17656,-1,30,-30,-863,-1523,-16339,-52,-27,-10,12,0,0,0,0
11.5299999713898,-1070,-962,-17338,7,2,17,-7,-762,16507,6,-6,2,-473,303,-16247,-7,14,42,-17,-1035,-17340,-26,48,23,-812,-1522,-16422,-27,-8,-39,13,0,0,0,0
11.539999961853,-1088,-988,-17379,-4,5,-2,-4,-768,16373,-2,7,-18,-459,258,-16410,-20,22,-38,-44,-1059,-17596,39,62,-58,-892,-1501,-16326,-19,-71,-22,13,0,0,0,0
11.5600001811981,-1100,-993,-17423,-12,2,-4,66,-749,16413,10,2,-26,-378,312,-16331,-30,17,-24,-34,-1099,-17412,13,-9,39,-914,-1578,-16395,46,17,-14,13,0,0,0,0
11.5700001716614,-1083,-940,-17349,-2,4,2,4,-749,16374,9,-17,5,-397,234,-16435,-13,20,31,-16,-1062,-17609,32,29,-17,-914,-1578,-16395,46,17,-14,10,0,0,0,0
11.5800001621246,-1115,-979,-17442,-9,6,9,-9,-744,16440,3,-3,0,-437,293,-16357,-18,30,30,-72,-1125,-17454,-54,-6,38,-910,-1565,-16387,23,-9,7,13,0,0,0,0
11.5900001525879,-1115,-978,-17467,-3,13,13,7,-715,16445,18,-2,-3,-379,256,-16280,-18,26,-1,-33,-1131,-17611,3,50,8,-847,-1515,-16372,-10,-33,-10,14,0,0,0,0
11.6100001335144,-1122,-928,-17448,8,11,-2,41,-715,16408,9,-10,4,-431,265,-16307,-14,26,9,-36,-1096,-17482,-21,-3,20,-835,-1531,-16386,-35,-14,-15,12,0,0,0,0
11.6200001239777,-1140,-979,-17421,13,10,5,4,-752,16478,-5,2,6,-421,264,-16306,-19,13,8,-59,-1087,-17408,24,26,-15,-798,-1471,-16370,-47,-24,-25,11,0,0,0,0
11.6300001144409,-1076,-1005,-17452,9,20,8,52,-775,16405,5,-5,7,-421,243,-16371,-12,19,20,-21,-1068,-17506,10,13,9,-894,-1558,-16361,-8,-35,-6,14,0,0,0,0
11.6400001049042,-1066,-929,-17415,-10,20,16,24,-763,16492,3,-2,17,-450,266,-16383,-3,21,20,-30,-1142,-17483,-9,-10,9,-872,-1534,-16357,-15,-37,-10,13,0,0,0,0
11.6500000953674,-1126,-992,-17393,-4,8,2,-33,-752,16427,10,-12,2,-474,273,-16356,-14,28,11,-10,-1102,-17560,-26,36,13,-840,-1526,-16306,12,-25,-8,10,0,0,0,0
11.6600000858307,-1096,-973,-17442,-6,-3,11,9,-759,16432,0,7,-6,-417,257,-16395,-7,16,10,-58,-1077,-17500,-4,28,19,-872,-1502,-16337,16,-4,1,13,0,0,0,0
11.6700000762939,-1093,-993,-17370,18,9,-2,32,-743,16423,-4,-1,2,-439,248,-16349,-4,13,0,-19,-1136,-17497,15,45,-3,-846,-1457,-16353,27,-1,-17,14,0,0,0,0
11.6900000572205,-1097,-1000,-17417,-8,8,4,-4,-737,16433,9,2,-7,-401,276,-16379,-20,27,13,-26,-1066,-17448,-22,18,16,-829,-1469,-16409,9,-24,-10,11,0,0,0,0
11.7000000476837,-1109,-935,-17383,-18,0,11,-12,-720,16443,6,8,2,-456,222,-16343,-26,11,10,-85,-1061,-17459,7,1,5,-897,-1517,-16320,5,0,-39,11,0,0,0,0
11.710000038147,-1079,-969,-17436,-11,18,11,18,-765,16395,8,9,-10,-402,285,-16387,0,2,11,-59,-1083,-17467,-21,8,18,-815,-1526,-16392,-17,-28,-13,14,1,0,0,0
11.7200000286102,-1122,-1029,-17401,3,14,7,0,-751,16336,6,1,-12,-414,260,-16346,-5,31,-7,-20,-1075,-17481,-10,30,9,-854,-1562,-16377,-18,-33,-12,14,0,0,0,0
11.7400000095367,-1108,-998,-17424,-4,15,8,22,-780,16417,13,-1,-1,-470,274,-16344,-9,24,-2,-60,-1103,-17519,10,24,12,-818,-1572,-16348,-13,-14,-26,9,0,0,0,0
11.75,-1066,-947,-17455,-3,8,-6,14,-768,16444,13,-1,-8,-413,277,-16318,-8,24,-1,-7,-1110,-17475,8,26,-1,-883,-1559,-16438,-15,-31,-12,10,0,0,0,0
11.7599999904633,-1128,-989,-17473,-3,3,0,7,-759,16438,9,-1,-11,-428,268,-16346,3,22,9,-39,-1093,-17486,-2,18,26,-849,-1530,-16435,4,11,-22,13,0,0,0,0
11.7699999809265,-1112,-983,-17471,-16,14,2,-3,-765,16400,6,-4,-3,-463,273,-16420,-12,28,7,-80,-1082,-17488,-5,11,17,-865,-1537,-16434,16,-3,7,12,0,0,0,0
11.7799999713898,-1112,-983,-17471,-16,14,2,37,-763,16447,-7,-1,1,-409,252,-16358,-26,14,8,-27,-1165,-17461,12,15,5,-818,-1520,-16391,14,2,-8,9,0,0,0,0
11.789999961853,-1116,-1014,-17443,-4,2,20,8,-771,16469,4,2,5,-444,275,-16429,-19,27,5,2,-1081,-17451,-9,25,9,-839,-1552,-16367,-7,1,-12,15,0,0,0,0
11.8100001811981,-1116,-1002,-17519,-10,7,1,15,-744,16444,11,10,6,-461,255,-16324,-20,13,19,2,-1081,-17451,-9,25,9,-863,-1506,-16410,-1,-18,-14,13,0,0,0,0
11.8200001716614,-1112,-961,-17389,3,-2,5,-7,-768,16447,13,-1,-5,-430,270,-16328,-24,17,2,-28,-1128,-17462,15,17,22,-871,-1511,-16347,-4,-19,-16,10,0,0,0,0
11.8300001621246,-1078,-952,-17448,-5,22,13,36,-746,16463,4,-8,-10,-351,267,-16376,-13,20,4,-30,-1111,-17484,-6,15,14,-871,-1535,-16380,-15,-29,-12,11,0,0,0,0
11.8400001525879,-1116,-972,-17407,-7,14,16,22,-779,16450,15,-5,6,-412,258,-16366,-10,12,15,-19,-1038,-17433,-5,28,20,-866,-1459,-16419,6,-28,2,14,0,0,0,0
11.8500001430511,-1057,-930,-17376,-4,11,6,6,-736,16453,8,-4,6,-422,279,-16363,-20,14,21,-77,-1025,-17437,-1,13,13,-901,-1530,-16352,-5,-20,-4,11,0,0,0,0
11.8700001239777,-1098,-952,-17402,-2,12,18,34,-743,16443,1,-3,-10,-387,237,-16350,-16,17,2,-43,-1085,-17455,-8,13,14,-866,-1554,-16355,17,-11,-1,11,0,0,0,0
11.8800001144409,-1069,-949,-17414,6,18,12,85,-725,16458,2,2,-4,-389,265,-16337,-15,10,9,-30,-1083,-17491,-31,40,12,-809,-1478,-16375,7,-14,-6,13,0,0,0,0
11.8900001049042,-1083,-969,-17349,-13,17,16,-12,-748,16463,-1,0,-10,-452,261,-16375,-15,10,-2,-61,-1069,-17434,-6,15,18,-837,-1476,-16414,6,-14,-8,14,0,0,0,0
11.9000000953674,-1039,-928,-17366,1,3,13,18,-716,16389,4,-4,-12,-404,272,-16385,-28,5,8,-49,-1119,-17482,1,19,0,-890,-1554,-16369,-7,-19,-12,10,0,0,0,0
11.9100000858307,-1095,-980,-17415,-13,6,2,4,-722,16430,6,-6,-1,-376,252,-16385,-7,14,-7,-50,-1078,-17501,-18,10,7,-868,-1566,-16384,-21,-4,-13,14,0,0,0,0
11.9200000762939,-1107,-959,-17444,-6,-6,11,-25,-770,16451,-2,2,3,-422,290,-16359,-15,27,5,-41,-1087,-17462,-5,13,2,-855,-1556,-16364,-21,-21,-5,15,0,0,0,0
11.9400000572205,-1094,-942,-17422,0,5,6,16,-776,16400,-2,9,10,-417,245,-16408,-16,18,9,-12,-1084,-17463,-3,23,0,-836,-1537,-16365,-8,-24,1,10,0,0,0,0
11.9500000476837,-1090,-979,-17440,1,14,0,35,-764,16390,-4,-13,-13,-397,263,-16423,1,16,12,-17,-1089,-17505,0,23,14,-836,-1538,-16351,-12,-24,-10,9,0,0,0,0
11.960000038147,-1157,-985,-17478,-1,6,12,-13,-748,16450,12,-8,-4,-443,247,-16394,-16,34,2,-41,-1095,-17451,4,28,14,-825,-1496,-16345,-2,-11,10,13,0,0,0,0
11.9700000286102,-1116,-998,-17484,7,12,-3,-9,-759,16439,4,-12,-2,-440,282,-16309,-19,14,-3,-40,-1078,-17513,-8,21,14,-894,-1523,-16357,0,-24,4,12,0,0,0,0
11.9900000095367,-1091,-960,-17430,-4,11,3,51,-761,16445,5,1,-13,-369,275,-16355,-17,22,0,-26,-1061,-17484,-8,18,4,-848,-1570,-16404,-4,-22,-12,9,0,0,0,0
12,-1041,-943,-17367,-10,16,15,4,-751,16486,4,-10,-8,-405,270,-16410,-4,18,4,-52,-1099,-17504,-13,17,8,-878,-1531,-16360,11,-5,-2,10,0,0,0,0
12.0099999904633,-1110,-940,-17422,-11,7,14,-13,-741,16349,6,-5,8,-426,283,-16340,-13,24,9,-94,-1066,-17501,-16,22,8,-873,-1540,-16415,4,-19,9,15,0,0,0,0
12.0199999809265,-1078,-989,-17462,13,-2,12,37,-796,16447,8,6,3,-424,276,-16341,-20,27,2,-95,-1067,-17479,-15,33,15,-848,-1562,-16388,-7,-13,-12,10,0,0,0,0
12.0299999713898,-1092,-961,-17369,5,10,7,35,-748,16456,19,1,-10,-424,276,-16341,-20,27,2,-39,-1052,-17451,-3,16,11,-880,-1534,-16358,-11,-26,-4,11,0,0,0,0
12.039999961853,-1086,-971,-17475,-2,0,3,-21,-726,16381,3,-4,4,-363,258,-16393,-18,25,-5,-51,-1095,-17537,-1,26,14,-861,-1484,-16342,-12,-16,-6,14,0,0,0,0
12.0600001811981,-1075,-936,-17429,-3,12,8,27,-761,16441,1,13,-1,-403,248,-16345,-23,25,12,-20,-1105,-17506,-10,32,15,-883,-1558,-16393,-6,-23,-13,16,0,0,0,0
12.0700001716614,-1112,-972,-17387,-6,4,8,36,-733,16394,16,5,-2,-390,281,-16385,-20,6,-1,-6,-1136,-17522,2,19,7,-848,-1503,-16402,-3,-14,-21,12,0,0,0,0
12.0800001621246,-1103,-945,-17431,3,5,16,-13,-744,16391,6,-3,-3,-422,274,-16347,-19,27,3,-27,-1100,-17499,-11,13,20,-834,-1497,-16395,-6,-21,4,11,0,0,0,0
12.0900001525879,-1141,-980,-17467,-2,10,13,9,-744,16430,14,14,-8,-380,262,-16335,-24,39,-3,-58,-1071,-17450,-11,24,9,-845,-1508,-16402,12,-5,-1,15,0,0,0,0
12.1000001430511,-1078,-998,-17416,9,21,1,20,-736,16450,6,-4,-25,-425,279,-16344,-6,6,-5,-44,-1090,-17500,4,20,8,-826,-1487,-16333,-3,-11,-8,11,0,0,0,0
12.1200001239777,-1085,-977,-17396,-14,26,-4,-4,-737,16479,2,0,-10,-410,270,-16335,-10,13,8,-20,-1087,-17476,-1,33,12,-851,-1474,-16436,-4,-5,-18,10,0,0,0,0
12.1300001144409,-1089,-957,-17490,-2,15,4,-14,-790,16432,-3,-5,-1,-452,271,-16385,-8,25,8,-49,-1059,-17480,-15,24,24,-882,-1519,-16428,9,1,-9,16,0,0,0,0
12.1400001049042,-1116,-996,-17461,12,14,8,28,-745,16440,19,-12,0,-418,254,-16336,-8,23,8,-32,-1119,-17518,-2,23,13,-855,-1514,-16377,0,-17,-6,15,0,0,0,0
12.1500000953674,-1109,-985,-17479,3,0,4,4,-744,16410,11,-1,-5,-455,285,-16340,-22,19,2,-47,-1094,-17470,-14,14,12,-838,-1496,-16400,8,-3,-17,11,0,0,0,0
12.1600000858307,-1073,-969,-17434,-4,17,8,-22,-750,16421,2,14,-3,-447,212,-16326,-14,28,11,-15,-1100,-17491,-17,14,16,-869,-1524,-16335,-3,-9,-10,12,0,0,0,0
12.1700000762939,-1066,-1001,-17411,4,20,4,28,-772,16459,15,-2,-11,-416,241,-16390,-19,11,-8,-55,-1085,-17513,-11,23,13,-873,-1556,-16380,3,-19,-8,14,0,0,0,0
12.1900000572205,-1066,-1001,-17411,4,20,4,-2,-760,16440,12,4,-1,-390,315,-16418,-13,7,1,-28,-1110,-17564,-2,5,12,-858,-1535,-16375,8,-21,-3,10,0,0,0,0
12.2000000476837,-1110,-996,-17442,-9,18,0,17,-778,16457,2,-11,-3,-469,282,-16379,-19,23,9,-71,-1077,-17441,-6,23,18,-859,-1537,-16361,8,9,-15,12,0,0,0,0
12.210000038147,-1092,-927,-17430,-9,15,5,32,-725,16425,3,-5,-7,-465,265,-16323,-21,7,2,-68,-1070,-17493,-7,15,14,-818,-1550,-16363,0,-17,2,12,0,0,0,0
12.2200000286102,-1090,-963,-17404,-2,7,8,35,-770,16433,15,-3,-12,-411,271,-16379,-31,25,-2,-17,-1132,-17488,13,16,12,-864,-1531,-16362,-4,-6,-12,13,0,0,0,0
12.2400000095367,-1078,-976,-17404,5,12,13,-6,-709,16458,14,-1,4,-412,251,-16367,-10,20,-2,-59,-1097,-17532,4,32,10,-845,-1562,-16410,-3,4,-12,9,0,0,0,0
12.25,-1105,-962,-17453,-2,7,-1,-16,-743,16453,-2,-1,-5,-420,280,-16302,-15,21,5,-26,-1082,-17477,-18,23,13,-846,-1519,-16380,-4,-9,-1,13,0,0,0,0
12.2599999904633,-1070,-933,-17399,0,20,5,-13,-779,16448,10,1,-6,-402,226,-16303,-25,33,-1,-38,-1045,-17473,3,26,11,-868,-1526,-16340,-8,-5,-6,13,0,0,0,0
12.2699999809265,-1095,-1017,-17445,6,13,6,28,-791,16467,-1,-2,3,-444,246,-16368,-20,22,-1,-38,-1045,-17473,3,26,11,-877,-1522,-16435,12,-21,-6,9,0,0,0,0
12.2799999713898,-1129,-956,-17409,9,7,12,-26,-757,16449,19,-3,-1,-439,234,-16337,-27,31,15,-17,-1085,-17472,-15,27,25,-877,-1522,-16435,12,-21,-6,10,0,0,0,0
12.289999961853,-1032,-974,-17395,-5,23,1,40,-776,16391,0,-7,2,-417,258,-16368,-15,17,8,-46,-1055,-17485,9,25,19,-840,-1534,-16391,7,-2,-10,14,0,0,0,0
12.3100001811981,-1055,-949,-17442,-7,5,7,20,-768,16454,-9,3,-13,-411,289,-16386,-7,24,1,-24,-1100,-17535,-6,25,19,-876,-1531,-16330,0,-16,9,15,0,0,0,0
12.3200001716614,-1087,-1000,-17427,4,19,3,-5,-742,16455,5,-4,12,-408,292,-16398,-18,13,10,-33,-1103,-17535,-16,24,18,-899,-1559,-16352,-2,-2,-13,11,0,0,0,0
12.3300001621246,-1150,-948,-17409,4,11,7,4,-722,16472,3,-12,-3,-416,254,-16352,-20,16,9,-71,-1069,-17460,-7,0,22,-854,-1490,-16352,12,1,-3,12,0,0,0,0
12.3400001525879,-1072,-977,-17402,-6,22,20,55,-771,16419,4,-9,5,-376,253,-16355,-30,5,-3,-30,-1105,-17492,-4,16,9,-876,-1484,-16375,14,-15,-4,13,0,0,0,0
12.3500001430511,-1069,-958,-17418,-7,3,12,8,-755,16452,-1,-17,2,-464,258,-16337,-22,12,10,-72,-1097,-17487,-4,18,11,-859,-1532,-16336,14,-2,-8,10,0,0,0,0
12.3700001239777,-1111,-1014,-17447,7,11,11,11,-760,16465,5,-12,-2,-425,285,-16387,-19,20,-3,-29,-1109,-17490,13,12,15,-824,-1510,-16335,2,-5,-17,13,0,0,0,0
12.3800001144409,-1118,-1014,-17369,-7,10,3,16,-755,16464,10,3,-3,-401,280,-16379,-19,30,-3,-56,-1092,-17467,6,32,19,-882,-1502,-16370,-3,2,-11,15,0,0,0,0
12.3900001049042,-1106,-980,-17398,0,20,13,-22,-766,16460,5,8,-1,-379,254,-16387,-18,23,6,-23,-1130,-17487,-13,27,6,-862,-1494,-16382,4,10,-13,11,0,0,0,0
12.4000000953674,-1102,-955,-17464,1,10,6,-10,-747,16383,-1,0,3,-425,278,-16378,-23,16,5,-40,-1119,-17464,-2,25,23,-872,-1514,-16337,3,-5,1,10,0,0,0,0
12.4100000858307,-1111,-970,-17439,12,4,7,13,-721,16444,17,-12,-11,-425,239,-16353,-20,8,11,-42,-1101,-17482,2,13,17,-890,-1561,-16350,-2,-6,-7,14,0,0,0,0
12.4200000762939,-1101,-976,-17423,-6,1,14,7,-712,16422,11,3,5,-425,251,-16346,-10,26,-1,9,-1090,-17515,0,26,16,-840,-1515,-16350,0,-12,2,13,0,0,0,0
12.4400000572205,-1057,-974,-17418,-7,4,11,2,-743,16343,11,2,-3,-392,263,-16377,-18,17,4,-50,-1075,-17444,-3,27,15,-854,-1503,-16396,10,-12,2,9,0,0,0,0
12.4500000476837,-1057,-974,-17418,-7,4,11,26,-735,16432,9,7,-4,-418,278,-16337,-19,20,-2,-25,-1058,-17434,4,13,21,-886,-1509,-16298,14,-23,7,13,0,0,0,0
12.460000038147,-1094,-966,-17430,-2,10,8,18,-771,16441,13,-10,-9,-395,251,-16301,-6,19,17,-17,-1086,-17462,2,22,16,-859,-1502,-16369,7,-32,3,14,0,0,0,0
12.4700000286102,-1069,-1002,-17433,-1,15,8,10,-731,16470,7,-1,-11,-403,294,-16365,-5,7,7,-33,-1139,-17516,-12,10,20,-869,-1459,-16423,-3,-16,-6,9,0,0,0,0
12.4800000190735,-1139,-1005,-17456,0,9,1,23,-776,16464,12,2,-7,-374,279,-16326,-25,15,-12,-60,-1071,-17452,-5,27,10,-884,-1532,-16381,4,0,-5,10,0,0,0,0
12.4900000095367,-1132,-976,-17450,-1,0,3,33,-770,16429,-5,-3,-13,-439,274,-16377,-30,17,-2,-6,-1094,-17490,-11,21,17,-837,-1525,-16357,1,-8,-2,13,0,0,0,0
12.5099999904633,-1089,-977,-17386,1,-1,-1,9,-742,16446,7,-2,-8,-444,236,-16300,-10,14,13,-43,-1085,-17568,4,23,8,-889,-1553,-16360,10,-17,-12,12,0,0,0,0
12.5199999809265,-1100,-991,-17380,5,11,21,16,-766,16463,0,-11,-8,-445,286,-16359,-7,13,9,-71,-1047,-17468,-11,19,22,-876,-1510,-16317,3,-18,2,10,0,0,0,0
12.5299999713898,-1122,-947,-17478,-4,20,8,43,-760,16439,0,-1,-20,-390,275,-16299,-10,35,4,-18,-1056,-17499,-4,27,8,-888,-1526,-16368,9,-9,10,10,0,0,0,0
12.539999961853,-1092,-963,-17385,0,11,7,32,-775,16460,6,-7,4,-413,262,-16353,-16,26,0,-91,-1096,-17524,-6,26,9,-852,-1521,-16387,18,-2,3,14,0,0,0,0
12.5600001811981,-1100,-952,-17421,1,11,-1,-30,-752,16443,0,10,-2,-423,242,-16341,-23,17,10,-68,-1058,-17486,16,22,2,-869,-1490,-16394,4,-3,-6,9,0,0,0,0
12.5600001811981,-1073,-950,-17388,-11,16,3,33,-746,16511,-2,-3,-6,-405,224,-16348,-15,26,1,-18,-1094,-17507,13,14,23,-853,-1507,-16389,5,-8,-13,12,0,0,0,0
12.5800001621246,-1069,-970,-17377,3,5,10,-6,-745,16458,20,8,7,-436,269,-16349,-15,29,4,7,-1058,-17548,-3,22,24,-833,-1526,-16336,-2,-22,-4,13,0,0,0,0
12.5900001525879,-1071,-958,-17362,-3,10,13,1,-781,16445,9,0,-2,-449,254,-16385,-16,9,15,-32,-1101,-17520,12,20,10,-912,-1558,-16358,13,-15,-12,12,0,0,0,0
12.6000001430511,-1062,-914,-17376,-3,5,7,14,-754,16448,6,1,-7,-432,239,-16310,-22,27,7,-19,-1094,-17473,6,23,17,-889,-1526,-16381,1,-15,-13,13,0,0,0,0
12.6100001335144,-1105,-979,-17396,-4,6,4,10,-760,16450,6,1,-5,-412,250,-16343,-27,23,8,-47,-1076,-17489,-5,20,17,-851,-1515,-16361,12,0,-1,15,0,0,0,0
12.6200001239777,-1121,-991,-17447,2,-7,13,5,-737,16414,3,-2,4,-401,241,-16380,-12,11,-5,-41,-1073,-17491,0,16,13,-842,-1514,-16372,1,-8,-7,16,0,0,0,0
12.6400001049042,-1064,-939,-17399,-2,15,6,-2,-748,16443,1,-1,2,-405,262,-16334,-31,9,0,-55,-1026,-17479,-1,29,10,-861,-1470,-16339,15,-10,-3,10,0,0,0,0
12.6500000953674,-1065,-960,-17435,0,15,10,16,-733,16432,5,-6,1,-438,268,-16317,-14,11,-1,-34,-1029,-17473,1,26,9,-833,-1509,-16330,20,-7,-15,14,0,0,0,0
12.6600000858307,-1050,-970,-17386,-9,14,7,32,-761,16435,14,3,2,-384,245,-16372,-11,26,0,-39,-1064,-17416,0,16,28,-891,-1576,-16343,-8,-5,-4,13,0,0,0,0
12.6700000762939,-1070,-997,-17455,5,10,14,5,-746,16429,1,0,0,-428,267,-16359,-7,12,3,-39,-1064,-17416,0,16,28,-833,-1516,-16374,19,0,-10,9,0,0,0,0
12.6800000667572,-1104,-1004,-17397,-2,17,7,9,-778,16428,-1,1,1,-424,255,-16360,-6,19,4,-9,-1075,-17493,1,25,32,-860,-1511,-16334,6,-13,-9,12,0,0,0,0
12.6900000572205,-1110,-953,-17474,5,21,14,15,-751,16418,17,-8,-7,-435,261,-16365,-19,19,7,-50,-1090,-17463,6,13,10,-841,-1521,-16395,6,-20,-7,15,0,0,0,0
12.710000038147,-1134,-962,-17412,9,8,8,20,-771,16447,8,-6,0,-415,261,-16360,-20,28,-2,-31,-1083,-17505,-1,20,10,-829,-1562,-16383,10,-2,-13,12,0,0,0,0
12.7200000286102,-1118,-1019,-17391,-11,14,11,-5,-749,16476,9,0,1,-411,272,-16366,-30,19,0,-40,-1117,-17468,3,15,11,-875,-1509,-16384,-1,-8,4,10,0,0,0,0
12.7300000190735,-1096,-973,-17395,-8,13,20,-28,-757,16445,2,-2,-2,-404,273,-16347,-23,16,8,-42,-1128,-17496,-11,12,15,-882,-1520,-16345,-1,-11,-9,15,0,0,0,0
12.7400000095367,-1132,-971,-17439,-2,20,9,66,-753,16467,0,-10,-1,-384,272,-16352,-11,15,9,-32,-1098,-17462,-3,19,12,-921,-1620,-16405,1,-14,-10,13,0,0,0,0
12.75,-1059,-912,-17293,-4,10,7,65,-700,16540,-3,-30,10,-318,329,-16265,-14,5,18,-178,-1324,-17203,-61,4,5,-669,-1772,-16424,-23,-41,-98,9,0,0,0,0
12.7599999904633,-1048,-1062,-17465,17,-5,36,1,-893,16373,-3,-73,53,-343,122,-16344,-33,-47,81,-152,-1167,-17113,-133,189,59,-822,-1472,-16186,78,-47,-1004,11,0,0,0,0
12.7799999713898,-1079,-906,-17438,32,23,101,88,-616,16300,-10,-175,264,-27,394,-16441,43,179,357,-176,-1456,-17026,164,94,-98,-1015,-1892,-16147,2,-160,-1158,13,0,0,0,0
12.789999961853,-1033,-1043,-17468,-7,123,309,-16,-787,16386,61,-308,447,-416,152,-16485,6,127,622,-55,-856,-17485,692,63,-457,-674,-1663,-16677,161,-204,-1534,14,0,0,0,0
12.8100001811981,-1018,-857,-17474,99,38,339,126,-812,16188,81,-200,527,-411,189,-16241,1,-33,635,226,-930,-17614,534,-71,-223,-562,-1763,-16577,116,5,-1781,15,0,0,0,0
12.8200001716614,-1140,-992,-17292,160,9,308,-57,-789,16403,-1,-159,558,-538,121,-16303,-43,-34,589,219,-583,-17367,551,41,-384,-780,-1341,-16313,-12,128,-2110,10,0,0,0,0
12.8300001621246,-1107,-890,-17509,394,0,215,12,-744,16373,21,-189,510,-404,214,-16344,-42,-25,586,-281,-1095,-17306,804,168,-641,-986,-1540,-16167,108,114,-2000,11,0,0,0,0
12.8500001430511,-1029,-940,-17618,458,112,377,-2,-798,16366,71,-250,627,-451,206,-16415,13,41,652,46,-891,-17511,818,503,-532,-1024,-1109,-16282,174,-219,-1857,17,0,0,0,0
12.8600001335144,-1095,-1114,-17396,242,137,317,20,-960,16472,57,-209,618,-349,125,-16323,-7,-14,601,71,-1228,-17688,671,177,-353,-845,-1221,-16410,174,-65,-1707,15,0,0,0,0
12.8700001239777,-1053,-1095,-17562,473,151,241,-85,-852,16375,99,-179,548,-500,174,-16306,-16,-52,550,229,-744,-17553,582,-3,-321,-917,-969,-16383,110,45,-1365,15,0,0,0,0
12.8900001049042,-1145,-1100,-17163,272,100,193,-458,-902,15889,201,-253,407,-563,-32,-16365,324,-170,436,-195,-1515,-17129,301,50,-315,-974,-889,-16225,208,37,-1323,12,0,0,0,0
12.9000000953674,-1033,-922,-17457,379,150,61,-100,-827,16421,105,-148,336,-528,157,-16144,33,-27,237,110,-831,-17817,585,-7,-325,-624,-727,-16751,288,49,-958,11,0,0,0,0
12.9100000858307,-992,-1143,-17515,55,67,60,-24,-941,16181,29,-41,226,-304,45,-16461,37,-10,161,117,-962,-17601,77,173,-103,-981,-971,-16268,113,13,-567,15,0,0,0,0
12.9200000762939,-1063,-974,-17445,79,40,77,-29,-852,16262,52,-112,164,-394,113,-16519,-41,-62,218,11,-1052,-17508,40,-40,45,-878,-931,-16394,188,167,-439,17,0,0,0,0
12.9400000572205,-1038,-1094,-17426,69,61,68,-29,-852,16262,52,-112,164,-518,20,-16246,5,-11,145,12,-1043,-17464,-54,-56,81,-747,-903,-16632,101,-153,-284,11,0,0,0,0
12.9500000476837,-1066,-1036,-17418,25,22,33,-35,-791,16335,20,-7,57,-478,169,-16458,-7,5,16,68,-881,-17365,-129,76,56,-822,-835,-16423,-13,-141,-206,10,0,0,0,0
12.960000038147,-1007,-1125,-17387,16,13,23,30,-994,16397,2,0,13,-331,25,-16324,-31,-1,-10,0,-1150,-17455,70,92,-182,-1074,-980,-16442,-219,133,-65,15,0,0,0,0
12.9700000286102,-1098,-993,-17451,-9,1,-31,23,-833,16286,9,39,42,-285,175,-16487,-20,-31,79,255,-861,-17313,-179,-20,127,-841,-907,-16316,-281,8,-41,15,0,0,0,0
12.9900000095367,-1088,-1041,-17462,8,-3,-8,4,-913,16296,34,-28,88,-564,40,-16219,-23,-18,192,-250,-1205,-17236,-79,124,93,-941,-1067,-16223,-29,-99,-69,9,0,0,0,0
13,-1073,-999,-17421,18,44,39,-9,-833,16400,38,-20,61,-501,65,-16255,-18,1,58,-5,-965,-17335,30,18,35,-754,-830,-16604,-37,-236,-66,10,0,0,0,0
13.0099999904633,-985,-1076,-17320,13,26,29,-6,-961,16427,-1,13,34,-469,2,-16348,-22,-19,25,115,-1009,-17702,139,113,-172,-936,-810,-16440,-201,37,2,13,0,0,0,0
13.0299999713898,-1072,-1075,-17442,-35,-39,-26,32,-885,16395,-11,9,2,-258,135,-16481,-46,-78,86,13,-1046,-17272,-151,-55,23,-993,-1273,-16150,-253,192,35,14,0,0,0,0
13.039999961853,-1260,-1102,-17262,25,-39,-30,28,-748,16357,13,-9,102,-364,95,-16466,-83,-34,195,32,-777,-17186,24,14,33,-409,-719,-16789,78,-29,-37,12,0,0,0,0
13.0499999523163,-1016,-1101,-17445,27,37,54,-25,-940,16411,18,-49,88,-444,66,-16396,-59,-71,129,-85,-1175,-17476,-108,84,-61,-925,-846,-16322,-22,-195,1,12,0,0,0,0
13.0600001811981,-1027,-1066,-17394,-18,35,43,-28,-863,16484,39,-28,64,-390,117,-16256,-3,-19,72,-78,-1174,-17522,50,84,-215,-1246,-1049,-16106,-115,22,-23,15,0,0,0,0
13.0800001621246,-981,-1125,-17495,9,5,-11,48,-1006,16475,3,-13,15,-454,3,-16359,-64,-54,103,-190,-1155,-17372,16,-108,-121,-1114,-1593,-16367,-251,250,-75,16,0,0,0,0
13.0900001525879,-1087,-1050,-17311,-8,-61,-184,-26,-641,16137,128,-107,67,-397,39,-16605,-51,-51,241,117,-509,-17310,37,-72,45,-1068,-1012,-16220,-14,107,-69,13,0,0,0,0
13.1000001430511,-1014,-1024,-17463,135,-11,60,34,-997,16389,-5,-18,94,-627,-47,-16353,-30,-41,162,-263,-1129,-17438,-1,54,-77,-1224,-918,-16072,32,-172,-30,8,0,0,0,0
13.1200001239777,-1040,-1070,-17299,-13,43,51,19,-926,16509,49,-26,57,-264,36,-16303,-9,-37,53,331,-784,-17626,40,139,-208,-927,-673,-16489,-11,-124,-4,12,0,0,0,0
13.1300001144409,-1082,-1117,-17385,4,-18,-28,75,-1013,16326,27,8,28,-333,-19,-16481,-37,-78,100,229,-966,-17847,-63,29,72,-1186,-1166,-16158,-117,139,23,15,0,0,0,0
13.1400001049042,-1149,-969,-17478,-3,-18,-28,70,-817,16357,57,-21,65,-339,113,-16401,-34,-45,164,50,-651,-17153,17,-21,114,-933,-915,-16437,-27,-49,28,13,0,0,0,0
13.1500000953674,-1039,-1101,-17408,-16,29,41,46,-974,16399,47,-32,112,-427,-20,-16464,-25,-50,161,-91,-1157,-17432,17,61,1,-1021,-1013,-16236,36,-184,-48,11,0,0,0,0
13.1700000762939,-1076,-973,-17414,-6,42,58,20,-877,16370,32,-47,80,-476,72,-16313,1,-30,67,397,-875,-17404,84,35,16,-379,-956,-16706,-3,-197,-62,13,0,0,0,0
13.1800000667572,-1066,-1175,-17502,-3,-9,-15,-44,-1012,16321,4,11,21,-363,-33,-16438,-22,-37,40,-6,-1003,-17867,57,87,-92,-868,-996,-16442,-94,105,-4,14,0,0,0,0
13.1900000572205,-1220,-1044,-17480,-27,-42,-59,98,-893,16274,-5,55,41,-395,175,-16508,-79,-19,111,277,-673,-17256,-255,23,113,-1179,-1173,-15984,44,11,-5,17,0,0,0,0
13.2000000476837,-1072,-1079,-17486,-3,8,-11,15,-969,16423,23,-17,60,-398,29,-16438,-10,2,171,-224,-1291,-17487,99,65,23,-650,-830,-16605,92,-97,-72,10,0,0,0,0
13.210000038147,-1078,-1040,-17413,15,32,59,19,-923,16418,49,-36,67,-456,85,-16396,3,-20,122,376,-894,-17353,-92,35,23,-379,-826,-16741,-76,-203,-93,13,0,0,0,0
13.2300000190735,-997,-1133,-17464,9,21,9,-15,-1043,16341,14,-1,29,-456,85,-16396,3,-20,122,-41,-1322,-17741,159,82,-284,-823,-848,-16368,-176,122,-55,15,0,0,0,0
13.2400000095367,-1092,-1058,-17469,-14,-33,-33,4,-868,16403,24,-15,53,-448,107,-16493,-53,-63,128,-81,-974,-17052,-121,-169,110,-996,-1008,-16373,-92,17,0,13,0,0,0,0
13.25,-1095,-1087,-17504,3,17,18,41,-896,16411,45,-44,74,-426,47,-16407,-37,-48,185,-61,-912,-17534,-21,58,43,-701,-873,-16604,35,-127,-40,10,0,0,0,0
13.2599999904633,-1079,-1080,-17457,7,58,60,11,-901,16335,39,-29,82,-522,38,-16393,-15,-46,94,35,-1179,-17452,-75,53,-71,-893,-954,-16421,0,-123,-17,13,0,0,0,0
13.2799999713898,-1032,-1126,-17410,-3,20,18,17,-1015,16468,15,-5,8,-483,-19,-16397,-20,-22,1,6,-1110,-17447,84,72,-71,-897,-984,-16338,14,151,-24,14,0,0,0,0
13.289999961853,-1052,-1096,-17430,5,-15,-34,-14,-1019,16379,11,-3,-8,-480,48,-16389,-33,21,-97,-46,-916,-17293,26,-33,6,-897,-950,-16425,22,74,4,13,0,0,0,0
13.2999999523163,-1072,-1070,-17453,7,-15,-43,2,-913,16335,-11,17,-33,-297,25,-16450,-25,20,-57,6,-1033,-17353,15,56,-37,-961,-1078,-16268,56,-81,8,10,0,0,0,0
13.3100001811981,-1058,-1043,-17444,10,17,6,40,-874,16277,6,-24,20,-378,16,-16496,2,9,76,-23,-891,-17309,-24,11,70,-849,-984,-16346,50,4,-8,12,0,0,0,0
13.3300001621246,-1053,-1094,-17469,19,46,24,-50,-924,16319,11,-22,41,-418,21,-16344,22,8,68,-27,-1008,-17402,68,44,-1,-868,-929,-16419,-24,4,-27,16,0,0,0,0
13.3400001525879,-992,-1059,-17453,2,22,5,42,-962,16362,7,-11,21,-434,28,-16442,-10,4,2,46,-991,-17486,20,51,-4,-881,-1026,-16382,-58,-53,-9,11,0,0,0,0
